# Matter power spectrum P(k) at redshift z=0
# for k=1.05367e-05 to 105.476 h/Mpc,
# number of wavenumbers equal to 132
#    1:k (h/Mpc)              2:P (Mpc/h)^3        
       1.053673596371e-05       5.060423363986e+01 
       1.326496466208e-05       6.315768672295e+01 
       1.669960109965e-05       7.882523310189e+01 
       2.102355219117e-05       9.837929737812e+01 
       2.646708409965e-05       1.227838601033e+02 
       3.332008474914e-05       1.532418462377e+02 
       4.194750141383e-05       1.912543148481e+02 
       5.280877549114e-05       2.386940142592e+02 
       6.648230943153e-05       2.978969953011e+02 
       8.369626877812e-05       3.717763348893e+02 
       1.053673596371e-04       4.639627998807e+02 
       1.326496466208e-04       5.789781159705e+02 
       1.669960109965e-04       7.224466598196e+02 
       2.102355219117e-04       9.013509163582e+02 
       2.646708409965e-04       1.124333740900e+03 
       3.332008474914e-04       1.402045111776e+03 
       4.194750141383e-04       1.747520526249e+03 
       5.280877549114e-04       2.176561277941e+03 
       6.648230943153e-04       2.708061894162e+03 
       8.369626877812e-04       3.364193311934e+03 
       1.053673596371e-03       4.170284988137e+03 
       1.326496466208e-03       5.154154423067e+03 
       1.669960109965e-03       6.344470826499e+03 
       2.102355219117e-03       7.768632924609e+03 
       2.646708409965e-03       9.448432381120e+03 
       3.332008474914e-03       1.139368481993e+04 
       4.194750141383e-03       1.359300481088e+04 
       5.280877549114e-03       1.600169306812e+04 
       6.648230943153e-03       1.852778154759e+04 
       8.369626877812e-03       2.101513215878e+04 
       1.053673596371e-02       2.323147095933e+04 
       1.326496466208e-02       2.485692238547e+04 
       1.669960109962e-02       2.549548581568e+04 
       2.102355202030e-02       2.475907323646e+04 
       2.646695467386e-02       2.246569186118e+04 
       3.330224374738e-02       1.896219199602e+04 
       4.135596320779e-02       1.544909723644e+04 
       4.814365073042e-02       1.342883867836e+04 
       5.306670472349e-02       1.242905817004e+04 
       5.712683115337e-02       1.180141205826e+04 
       6.075211323596e-02       1.132528771403e+04 
       6.413338979608e-02       1.090839588268e+04 
       6.737167045857e-02       1.050433090329e+04 
       7.052752172046e-02       1.008831903521e+04 
       7.364072767811e-02       9.648557624042e+03 
       7.673932683540e-02       9.182090824312e+03 
       7.984423803672e-02       8.692669994100e+03 
       8.297183101645e-02       8.189071241314e+03 
       8.613544956543e-02       7.683311946225e+03 
       8.934636171780e-02       7.189179053329e+03 
       9.261437787379e-02       6.720497941695e+03 
       9.594826703267e-02       6.289580479046e+03 
       9.935604519347e-02       5.905862766130e+03 
       1.028451799312e-01       5.574912892097e+03 
       1.064227382963e-01       5.297977316285e+03 
       1.100954953450e-01       5.071500598103e+03 
       1.138700146629e-01       4.887431859091e+03 
       1.177527085547e-01       4.733735878065e+03 
       1.217498832190e-01       4.595381710232e+03 
       1.258677727047e-01       4.456291791000e+03 
       1.301125644413e-01       4.301746647405e+03 
       1.344904184695e-01       4.121261933196e+03 
       1.390074820529e-01       3.911187912703e+03 
       1.436699010599e-01       3.675836011368e+03 
       1.484838293072e-01       3.426753873228e+03 
       1.534554369336e-01       3.180066176093e+03 
       1.585909187897e-01       2.952403081064e+03 
       1.638965037813e-01       2.756801169941e+03 
       1.693784660713e-01       2.599376236361e+03 
       1.750431390264e-01       2.477842201950e+03 
       1.808969327795e-01       2.381939883909e+03 
       1.869463562733e-01       2.296762750691e+03 
       1.931980446425e-01       2.205692307993e+03 
       1.996587927967e-01       2.096556687417e+03 
       2.063355960823e-01       1.967874863907e+03 
       2.132356989277e-01       1.828367226209e+03 
       2.203666524431e-01       1.692405643549e+03 
       2.277363820377e-01       1.573355326614e+03 
       2.353532662697e-01       1.477790286494e+03 
       2.432262283630e-01       1.403175497920e+03 
       2.513648421297e-01       1.339440856964e+03 
       2.597794544632e-01       1.274191173605e+03 
       2.684813271321e-01       1.199672749343e+03 
       2.774828013683e-01       1.117343721821e+03 
       2.867974897405e-01       1.036151701992e+03 
       2.964405011404e-01       9.653597169980e+02 
       3.064287064602e-01       9.077193655350e+02 
       3.167810548881e-01       8.582423812756e+02 
       3.275189538917e-01       8.090805273598e+02 
       3.386667302257e-01       7.562500802371e+02 
       3.502521951526e-01       7.024470741332e+02 
       3.623073452076e-01       6.533199006722e+02 
       3.748692413180e-01       6.111097264310e+02 
       3.879811255521e-01       5.726850596820e+02 
       4.016938587649e-01       5.340864185867e+02 
       4.160677980513e-01       4.953350867658e+02 
       4.311752869293e-01       4.591289135680e+02 
       4.471040148684e-01       4.264280918530e+02 
       4.639616356584e-01       3.954256415431e+02 
       4.818822508901e-01       3.647292185949e+02 
       5.010357293130e-01       3.354832430898e+02 
       5.216414668512e-01       3.082919005329e+02 
       5.439893379097e-01       2.818335246746e+02 
       5.684727512704e-01       2.562118846220e+02 
       5.956430119263e-01       2.316957138572e+02 
       6.263031822375e-01       2.076422260837e+02 
       6.616797200552e-01       1.840977968322e+02 
       7.037582277056e-01       1.606494258810e+02 
       7.559926591020e-01       1.369958871946e+02 
       8.249241681955e-01       1.126241153053e+02 
       9.240060193123e-01       8.706551411534e+01 
       1.080694196785e+00       6.073364374302e+01 
       1.330092819727e+00       3.737937917355e+01 
       1.671716227213e+00       2.169838117026e+01 
       2.104513513578e+00       1.243293742350e+01 
       2.649425346685e+00       7.064972743863e+00 
       3.335428895492e+00       3.984683485087e+00 
       4.199056195767e+00       2.232155761366e+00 
       5.286298550403e+00       1.242698927619e+00 
       6.655055579433e+00       6.879378183850e-01 
       8.378218585851e+00       3.788613674914e-01 
       1.054755228329e+01       2.076493798212e-01 
       1.327858160167e+01       1.133080939176e-01 
       1.671674381092e+01       6.157373294430e-02 
       2.104513358602e+01       3.333056853850e-02 
       2.649425346604e+01       1.797513887791e-02 
       3.335428895492e+01       9.658742354540e-03 
       4.199056195767e+01       5.170910416014e-03 
       5.286298550403e+01       2.757531965616e-03 
       6.655055579433e+01       1.464127665098e-03 
       8.378218585851e+01       7.733459620062e-04 
       1.054755228329e+02       4.057909216035e-04 
